61
233 75
89884 63762 15738 83721 61684 48463 94158 62034 95929 18159 12612 10642 38056 88769 44501 18886 47390 24361 84936 26943 28283 54594 76529 34989 49723 71385 82027 23855 73002 60486 88461 95770 77384 56514 29566 84370 26491 52542 72359 69606 48126 6552 16149 13953 45297 20353 50994 49919 68014 58815 25262 19845 61363 14044 75648 80620 39377 28073 6489 22883 82651 72800 17990 83716 67783 58864 65203 7574 96984 41182 67116 53928 72822 1602 98639 
566 270
67314 85408 12157 47370 55955 93222 31871 42859 4269 86104 79350 88139 74083 64084 33170 84881 75113 46658 13058 70364 52612 89540 93751 57091 31570 62017 45976 13036 24020 89339 10914 79072 55920 83262 88308 44570 32469 21166 51309 87115 45995 37223 44497 53186 52344 23102 30456 71595 78842 29173 23414 79347 64462 65214 79723 43804 81209 11568 14459 73131 68212 80431 27138 32918 10795 2562 61947 78644 67466 67835 34835 38700 49591 60690 83077 68134 35619 70821 21511 44515 77085 55272 30784 85576 41275 26796 19485 4776 53576 92224 32884 43912 14401 49209 83153 26692 79809 76704 7865 93532 84436 17664 12567 36530 43760 57183 12161 17162 61347 28807 80915 89359 61622 15174 41416 99075 86903 10859 89054 2696 17155 45383 23438 72086 81981 93334 7294 53615 89461 38833 82565 10252 26337 38845 13588 55965 98228 6814 6201 82463 18260 97495 17678 25196 50364 86373 29537 75134 4596 38343 58 62033 76846 48137 59085 17797 36108 94733 5854 49086 53685 97940 84832 74904 52544 12082 52841 65566 94034 71953 39586 55025 90698 67933 76602 24002 99039 40963 42756 59066 41392 14435 70584 39313 90315 74061 31833 98614 83768 39523 79702 80697 38264 16914 58922 94815 62935 68975 79782 14134 37734 51660 32065 74626 25775 89095 78805 17376 4985 70079 54256 967 54034 11029 83308 75390 24154 34779 71949 14613 85866 66836 16165 94965 71764 10603 17968 8829 64831 56063 86163 86022 71632 14046 34962 16318 58455 87725 33046 48711 3721 34484 912 75673 23224 13716 81532 89825 92906 64974 71482 1450 14515 67760 91797 70501 13037 35763 1340 91343 37463 80289 31234 62445 63239 904 53337 48112 8392 60113 
316 226
75062 34616 47273 77505 56212 7426 96874 87306 27590 71260 48810 32542 8676 72022 31953 41167 1988 81348 94497 98893 60397 2137 96728 33556 94807 3179 84755 43744 77214 48088 25309 49335 66694 77059 85097 45887 65990 26928 20489 14244 83034 74530 71317 28111 83915 3889 45114 32457 96259 75078 1591 91318 89386 11097 88947 40476 37633 1333 44132 54607 73761 62644 70737 13679 66571 49042 2659 55032 79996 20740 26226 77078 4095 61631 11253 18495 55697 94774 86660 2640 57317 95325 79323 54039 9794 16725 33313 81105 58413 21621 52935 52354 72445 74885 32462 38922 7152 32506 88578 32913 81878 76449 20767 40043 1910 36348 52101 53297 50445 38193 89781 79359 56351 54001 27335 43944 18096 28442 29640 55024 76573 37133 8446 50413 52317 80375 87682 59102 77494 86685 6539 41902 61658 38150 10299 69617 23895 94703 84170 70723 39973 56828 3612 73265 92513 72918 11938 84200 76779 93231 37184 66072 68985 1853 71013 93756 21251 41591 47637 40782 19578 21900 15368 12678 49629 13219 47767 9030 28034 38603 76044 51018 71680 93847 98292 68083 80578 12078 94063 45738 48626 42129 77926 74448 90317 24752 56026 30606 91004 59112 99688 26255 44721 65175 7726 34360 87109 29628 9600 13769 17371 5903 19065 16497 4066 55689 11698 46041 64358 88757 48515 64904 20218 26310 55014 47075 71985 11376 68092 51259 65157 89330 45424 92734 19235 55874 
666 388
56274 87670 57976 23125 24518 39342 13755 59445 69491 60544 48396 37957 91115 41051 61691 23132 420 17798 10715 5817 23574 74317 49626 55176 52227 62423 26143 84378 56441 25733 59111 68343 52916 28978 92229 87545 81780 73969 23253 64087 99663 90858 27029 30108 97430 566 24655 4660 34856 22382 39064 40208 76481 32086 11952 91012 95354 79500 33246 10894 47961 11365 15699 40485 84569 4836 88510 93417 55899 55747 82117 8056 57452 60957 53738 87288 95404 75472 29116 34244 14911 89634 31859 64405 30260 18089 81841 62654 93913 33194 1053 13990 46108 26395 19166 74319 53622 87469 61593 56261 34299 45254 35965 13519 28317 72718 30581 31756 99150 24068 60644 24436 36625 76713 68237 25611 49410 77489 69398 76551 61015 34102 91401 48750 99247 84849 95533 96324 79361 18885 29113 54500 58109 96111 5977 43246 15866 52939 15959 83230 41489 87188 55476 64673 12201 20556 72044 53000 21572 77019 2000 61522 9266 61989 20799 81534 24674 29993 10263 89381 72230 28319 40285 65775 55181 71411 74017 73036 48753 33290 99193 66985 59645 13940 7484 87191 99124 74203 55546 27932 82891 27174 9056 85731 5184 1430 2304 70417 2399 15194 27639 78908 85679 88716 65509 39033 90896 99947 27051 93129 688 5929 69208 19884 98949 69811 78729 37821 17109 428 16437 20934 49356 16210 57650 8756 60149 40803 89590 58781 2270 4289 36155 75192 38490 7113 1743 63591 41736 32399 27232 22492 31521 86831 15171 29682 81181 67443 36957 65332 32663 33312 99819 65785 536 83712 11696 13453 78325 54245 99848 47120 36773 30827 90692 34222 38505 22132 34961 10816 75260 257 70618 38941 33944 51363 9893 98679 96835 42853 59471 36054 80760 25126 35077 54481 89667 36981 8753 88065 14389 84900 88159 79586 56975 4720 1306 22850 73408 4172 95638 91727 41093 7292 78562 99201 57271 9014 60204 48243 56765 51046 12154 82154 45828 3029 60611 99441 78971 30893 48073 11998 11044 73202 43316 73079 56597 68277 92432 20074 81429 70055 62257 60787 7747 49564 47362 55299 24687 44672 15425 88284 31380 3742 38042 83271 93009 45650 65512 79684 66149 33390 26046 6909 85676 28414 78735 34662 30023 9624 55785 2799 54746 68979 21571 94694 65464 96122 62709 22385 21403 21266 44767 34677 54472 45513 8538 18114 49512 12035 16365 75938 74257 58757 29440 39751 7397 28998 79727 74268 33772 99238 89883 87809 86633 74884 15314 79261 
434 380
39404 20221 552 56980 33939 23967 30964 39860 45491 65036 14221 41327 81509 23843 38702 73352 93946 73217 73545 9070 7937 49576 96466 82090 57593 94308 70021 9530 58706 60088 17685 15006 90380 94991 95269 53170 35969 9513 74085 45942 81626 75619 62042 550 83537 77485 59356 81458 69856 2325 87540 40416 88426 95683 21137 29484 21773 37164 1851 42016 93810 87009 36875 17159 19901 84843 64738 30437 4659 28695 54879 1225 34237 79709 98732 57190 73384 71552 45369 29991 29345 24467 16681 1821 60565 73286 88032 87651 78071 38594 39863 57572 10632 67810 63982 72215 3661 61512 97733 17927 94948 29307 75313 17424 46078 49313 41287 43814 69785 41509 64553 83076 2188 26600 97758 60717 12648 23676 75372 86697 252 11988 32778 27999 32239 28030 78746 45441 96345 83929 79810 74675 45962 42269 23029 17325 3687 49443 37286 34823 98246 81577 26593 62981 83009 5116 18293 17998 38834 25944 48455 76196 19804 94730 70890 61767 72766 91403 6851 46844 76381 56047 54535 22509 21902 30224 15702 3731 93214 14756 58856 91817 70293 49257 30373 24428 39905 50016 80389 7819 44970 63399 26699 33371 85864 90671 80877 56729 6441 92866 3339 15993 92603 38616 13520 96287 35441 7411 48548 19210 94287 84462 80803 15352 12129 99272 75628 61530 94638 16503 92248 97068 1379 39734 28719 25975 34658 42206 96955 26157 82972 46529 21675 83166 13722 92193 41740 26302 51988 27667 9818 80166 31934 62794 71459 74507 87998 50409 60952 20134 84054 68943 8095 72747 49095 36363 31166 42063 9418 6803 71846 3321 89853 94620 51431 99924 21321 60438 60684 62250 69138 30764 9135 83284 13555 74521 98257 442 30103 45796 65864 7358 92870 59941 51496 14299 66925 94992 23530 54217 44467 99769 92541 67624 67705 88963 67719 45414 16670 48301 38582 53659 32540 3168 12880 14436 4890 52993 54991 68756 64269 70891 98998 97898 87982 9051 84870 24578 52914 89173 34719 99356 76799 88022 74299 48015 54556 58523 85544 48010 30512 16959 99460 76341 86318 19679 20412 86597 31468 27881 81936 5588 44709 733 55633 97420 66976 75757 36581 70862 22246 83386 95247 67996 76050 56207 92572 25151 90252 35214 57074 37533 46900 8275 54333 94249 78570 58967 60211 73658 878 26473 77031 87685 51491 61494 32658 52868 84479 86135 97759 7913 90885 56121 47030 41347 65615 81638 31245 62985 
31 285
84387 42871 48614 32206 72377 49970 9712 54174 8279 17689 77231 45106 68293 96263 43896 76474 67827 43305 96574 27096 40671 62738 7206 4564 32030 59371 28842 76002 23038 95392 4283 51582 88695 97170 51788 45368 80747 67839 91671 39668 85263 54769 17427 54291 75142 16212 30112 64861 77412 68992 41733 3927 11319 91281 5465 13326 93273 20673 56782 50247 6993 2072 94723 38425 86083 53596 84882 18863 57146 39269 27642 65316 99194 9258 5115 92450 15462 66966 98548 52436 13125 25149 5300 90333 3073 667 74420 35723 24234 14938 77824 37846 11884 64744 32304 67412 64281 14176 29152 9338 57844 53494 60629 20213 13387 66236 70837 83268 95144 71698 83916 64162 19875 76962 35468 49181 1673 29740 90116 70468 4848 57461 73230 62714 98364 30174 97151 41605 66133 74050 50976 89622 68764 64648 37859 7410 92055 840 81539 66865 12338 20378 98968 12968 46196 69703 70748 57379 98858 9916 98443 37972 55306 86881 61237 26400 23347 61432 81649 57437 18279 51736 76004 76059 24743 4819 66307 28585 61919 67201 36995 73290 4092 32645 16208 37725 24739 15108 29921 91629 60550 80432 97463 54494 63499 78880 78075 62218 75222 11716 99349 60450 79949 12027 20828 63357 44810 16785 94972 12457 59084 35343 44094 30081 34411 80979 12832 6819 2993 30970 75624 45720 22459 96981 1973 23144 61564 19061 15387 14929 98359 36745 45582 72543 69835 66834 33008 68559 23624 58127 16616 23245 33381 24381 61433 22150 12333 35186 36762 23736 3389 99912 14914 9216 88733 93158 78132 63397 55534 48871 66204 58445 96134 18008 98496 38881 88653 71139 79141 98493 93383 9291 93981 83448 30060 2841 72407 65932 65967 28241 12646 93830 91039 21781 20095 45857 38719 77822 64453 61324 8104 89412 5077 41167 49591 
409 320
21891 76095 31796 20668 77585 57217 81651 29017 81702 23417 76644 26615 97261 77138 89061 71675 2883 51444 78068 57837 44857 53489 14043 91208 79484 59498 36917 94911 79479 4416 1774 37566 69464 32167 95446 86700 82649 429 70347 56032 7995 71220 67752 77904 61561 6958 61069 10958 14823 81533 50063 21152 69052 42760 11681 58197 22221 55948 68300 1095 63318 83802 72795 69238 95121 55574 57367 71038 55244 88829 79881 39598 56123 61656 17338 59640 14107 61189 52658 42773 14052 62941 24316 16131 1468 82423 74574 78715 26446 41360 36305 42743 13024 74465 32856 85908 92444 81744 41181 26107 41545 26441 4372 24545 25769 91062 39753 62334 50308 89275 67804 81176 73687 6710 81244 81784 16011 28504 8789 84978 64573 49121 34597 20044 74784 30535 46186 12477 54452 88837 71584 13684 10185 32474 48054 47187 18778 65002 91079 93442 98740 40129 53958 22768 28384 61959 92558 34274 39991 36851 35582 99017 61932 43716 44931 91818 9791 19263 79839 12257 38807 2162 70989 43082 81585 15187 9930 72750 86559 28988 51964 9228 51050 6914 21187 97691 30239 78587 98713 13429 74988 41014 51334 49363 12588 19472 33430 32963 18381 99513 33532 88188 75408 88463 90997 2829 29695 39801 42046 81949 93088 77559 45676 64966 45372 2004 73984 87441 56547 30851 8572 69730 51178 47527 17062 24087 84829 3512 99931 50335 23010 91139 86152 42112 53861 32930 1692 430 24564 55493 69202 73254 20427 12086 33860 47780 56983 90512 15307 41722 7653 69833 16322 60357 72293 4045 88812 67714 12812 55166 94696 96458 82997 78387 24224 32844 66371 9512 10597 17233 88533 41285 39022 17445 87963 24066 5187 15512 40826 34036 16721 8865 92779 84879 92744 74057 54634 69565 67787 21758 45247 26953 79335 61181 34353 3947 69100 82029 56527 89188 58202 71982 67726 6955 77454 46700 87266 68954 4655 72765 7479 10017 24022 37700 44114 89489 45793 52795 88644 66652 34038 3429 51925 56212 97430 29740 16497 68092 13037 91343 
996 362
45546 64635 31676 45258 7703 76443 53602 45724 8456 50817 23071 97963 91730 71149 94633 19295 19491 62556 49761 16102 83202 5280 7589 90722 6112 78192 45774 94278 33988 21047 42530 47138 8262 58148 21200 59896 29213 93102 66033 51200 58250 51812 18402 68897 22326 69664 97915 49959 41670 29552 27010 78346 61805 42085 34859 76858 92464 15127 40798 43542 54757 7394 93733 99730 35829 49710 93884 52135 19314 29674 77094 48102 98002 84598 81478 93005 91819 49977 22653 72655 99120 4390 89714 71491 65885 25093 47293 52556 59541 82332 69546 35794 50692 29555 96114 41023 52294 33023 7660 24782 93497 21591 74386 51613 73323 1173 44426 10618 17582 22383 34603 67143 53516 63934 43946 86374 7783 56110 70570 43105 78256 32731 61314 79989 60379 79609 86079 65604 68114 11093 45957 99262 48052 13197 72047 16874 85318 62279 54651 49738 79330 95724 88385 50612 92018 97284 7099 46336 19653 75190 83339 20307 31976 15637 98678 56337 43996 40012 25433 79254 21149 78466 9232 86267 89534 81629 38675 76505 49790 44291 23160 31795 57427 82588 43730 97970 27623 93880 81075 42317 39353 4064 12978 34939 78980 64212 24588 14568 55458 4649 66554 88285 3206 15486 78235 42827 94575 96271 48946 68028 60127 43782 15909 67175 18032 28960 24264 61930 11866 59243 6320 30683 30736 32097 43568 42334 85982 24285 60483 68875 91189 22435 31165 78766 30754 85714 30833 86981 38627 96183 73326 54102 16395 50374 52329 26735 18690 7419 64230 79303 70877 85670 7909 22002 88262 66795 12502 66832 77280 33484 36870 38245 79516 17540 3536 6836 27861 90753 35611 18776 90838 25560 1530 47617 35348 24044 11096 10897 59334 5559 98071 3038 97359 71384 58575 28607 62855 51867 40856 35266 82912 36481 96826 68677 94493 89500 13775 33410 24950 28856 78878 75447 96406 91596 73289 63213 17274 5406 63570 79048 9475 13625 63681 47231 90443 42728 59154 11458 91455 49282 69652 80969 66986 8764 89378 57312 65544 72626 35218 86129 77279 86274 72404 64048 69642 68211 75293 54793 69729 49219 51240 12584 83390 20722 69923 19013 73745 36708 33139 81083 39001 94324 37754 81107 3579 67089 74219 88648 65183 50531 1228 20115 94513 56368 72344 59802 4882 85882 93423 18516 42088 33254 
693 360
60467 30684 81102 41089 94340 12319 53365 12266 30795 48289 67337 43615 17224 52832 56918 91042 80884 5360 60175 65521 30820 11211 23668 34691 83731 33369 66512 52773 86853 82260 70560 82467 76155 66330 98906 57020 75524 85915 58633 53292 61414 2504 60327 87503 62239 5787 71761 61447 6590 1205 89511 58080 74155 55327 20824 15965 96462 58046 11274 9009 67235 66064 37676 99576 8238 49212 85744 14917 20757 20583 10722 38194 89362 9606 74536 27815 13155 72048 2796 65292 34439 56867 23252 60682 85163 49179 47203 50796 93992 20687 76111 70382 4160 42924 41444 77227 63838 6518 30026 24881 85916 82690 76471 45681 48721 96339 8933 84453 86304 59543 2650 26980 83832 50769 94565 21390 71666 39707 75338 21018 36720 19985 1246 55158 97042 41753 93993 93094 43868 90534 14183 45726 5134 21524 51919 78558 76591 90395 67797 94630 72883 94293 2895 15291 66184 37323 2619 41732 86937 77930 95614 73751 52931 91232 84807 63010 72987 41211 84380 41661 88479 72888 72433 77546 83826 74403 15082 20907 22224 93822 22073 81012 97329 39065 89166 95671 69566 50351 88038 16791 96004 39419 33305 22021 78385 24595 69646 7741 47074 26042 87679 71702 35326 4627 82295 71703 63193 30803 21749 91391 28502 72546 15970 62891 10684 52336 89795 91509 92531 36752 89259 88959 1547 21965 64113 99984 22705 17982 34799 3 19076 92064 81746 63543 35033 56789 64537 73636 4787 59026 99001 10318 2962 91756 18669 2017 96365 49392 2945 67840 72961 85955 43430 36504 40387 4943 88868 15588 60186 98654 83094 69547 29280 77815 2482 16018 52255 56250 84446 19289 89680 50899 45873 78467 87953 24911 39916 57813 37545 90598 79860 17600 57948 72858 14217 58416 71757 75027 72509 95531 54779 23537 448 67027 62231 94205 55901 14023 20482 14419 19577 78753 52409 25852 12018 3426 7428 30474 34453 70525 51237 23528 8736 22712 38934 45538 91752 54087 86424 60953 52950 55840 26917 41451 65941 46750 83596 20791 32545 50122 98717 98088 76728 28242 5604 84646 9647 49138 76331 81962 75126 86130 2341 31288 41106 96713 48924 29034 77294 8475 69485 89817 55975 64557 4712 50052 90337 36534 8897 17455 96585 14264 4146 50372 71076 3185 34750 44181 22886 98012 
933 358
15611 59202 44949 97701 98420 83803 98281 34648 29457 88981 82372 2984 92206 16635 5487 86813 41810 79214 2354 36889 49379 53273 17583 2628 78548 13576 50475 30055 43863 78177 57856 86809 58133 85142 35998 64106 68963 69760 84526 507 74897 44825 45635 24690 49826 35232 74485 13256 1969 16535 14534 25680 81264 89451 71009 55710 25751 16591 79580 68154 53370 56016 36627 79080 44147 20782 77366 96260 30867 28523 89440 21350 17404 87422 33384 13102 51416 91140 52718 27609 9421 5972 76326 80170 61226 54531 31650 43114 9227 34133 95916 82245 3626 80008 66581 86524 65199 64533 99686 29729 58978 59870 18531 97523 96250 298 21412 37159 21803 44776 51917 4148 41394 96248 88258 46392 85413 8349 1732 19972 19965 12995 90185 69144 46561 59706 31426 43459 94490 32659 62003 70134 3864 7503 79065 18915 35983 12904 14189 47240 37009 4437 51900 82377 60954 40650 11514 71054 18035 38909 17923 26087 716 62704 23442 44128 71809 95062 10773 38157 33394 51230 42892 27446 71951 41860 81931 14278 22917 69291 59522 47264 69826 62335 63268 81644 66377 86705 70297 80819 60479 29428 43263 74613 58649 47037 23062 38217 75046 81412 88742 39671 85145 55767 47442 90905 61394 83280 23899 52910 42701 43099 14111 56874 73403 17481 77070 61184 57163 3628 40075 57426 66284 32328 73963 81745 21465 10962 67669 85461 16230 37524 75611 69917 58977 98467 88114 5241 47480 17700 37830 60024 24419 67647 64041 29057 33376 98220 36149 24513 68389 26855 27263 80 56974 92815 44763 48139 21898 96214 28307 74810 74970 29920 70816 8546 10840 67864 13465 67808 51828 69805 3188 65324 79964 19152 3575 99308 73541 70456 16550 93673 22656 68117 47999 58976 56544 86910 70352 8154 95459 4647 51332 88560 46271 85813 91529 53680 24353 4327 53841 55303 3766 12231 30852 53501 80295 63433 32178 30781 942 5130 70292 27167 75141 41884 82977 93215 29486 38810 18786 60008 81056 32727 63199 88867 60559 60889 12037 82716 39170 39520 83715 22811 62058 2523 46918 76378 24888 84557 38595 53703 3792 89631 31911 14204 49227 31664 30652 2684 40635 72697 12148 49029 14133 75439 18420 99212 53214 61371 339 93703 70903 21237 71683 14743 75083 39864 
388 356
3461 31811 44768 49918 65226 54576 59710 82331 99583 49319 94279 97674 52557 97694 66574 63183 55977 10357 42703 95677 99901 62365 76667 27465 27547 36822 30457 48527 27445 49290 85201 13316 29478 45592 51399 79298 51364 64677 47226 49504 93525 20092 18975 58766 29056 48393 7493 15590 71832 35881 20635 12451 74869 71887 17276 86294 65863 31107 23913 81396 23608 54998 61910 48850 26517 30475 22598 18280 82837 2761 21060 59210 69939 6821 67971 75326 70056 60317 81465 35610 82282 85862 68297 73715 4489 98907 70548 13506 95186 64354 11725 66240 58501 23410 41931 14841 15126 32186 44168 16173 17008 40259 1412 41842 56439 8681 57931 99630 13268 31535 68315 53529 40030 49704 89840 92595 64794 22214 1541 94254 5727 625 7323 29655 18135 91344 67259 37529 58979 52882 94816 266 59080 22121 27340 38755 45795 84480 45914 50388 45604 44144 40993 62524 69778 92285 93338 16193 23689 30423 1606 48317 98284 22204 74327 79939 62886 19404 76569 28575 29107 48415 85210 63664 86879 2308 52000 69348 66801 93179 92035 61861 98074 95867 47393 83806 50449 61736 20080 89044 9096 63378 54665 83403 8844 77971 54966 19113 13000 82355 22271 17807 49999 81831 48976 99552 60076 93929 19050 24199 23536 83233 84045 91141 2986 51781 42326 9414 15906 73503 11178 19673 88796 11047 52796 3410 94086 10139 37436 80919 28112 83683 44257 68246 74993 5246 85815 41425 77055 74723 14480 21680 92972 13701 51548 22177 92077 19276 34467 28276 86307 13239 87197 37520 68977 92217 20848 21869 88705 83751 199 14240 37198 82515 86579 78833 2252 64322 8735 59354 8994 98553 51378 84238 5105 68795 33752 77198 17742 35032 60309 60581 82308 37590 23175 94640 27497 22897 66687 61789 86404 41390 32190 56631 41746 52571 22496 36049 29604 67138 92580 10223 65834 44189 66395 70849 17242 30825 64233 36707 89509 58129 72773 44619 16788 30843 43308 19023 64044 18555 35890 46633 72015 52680 1617 45640 44336 33373 51383 76479 41164 42060 15469 68493 8851 31010 38331 19960 75232 7168 30261 41018 80724 20662 83191 1170 38341 53123 5370 83641 579 87834 51126 93738 40742 99263 33375 59071 75803 58576 50453 58380 67247 51285 95936 87070 
82 354
94427 9965 74817 98639 92751 43543 35839 70156 57275 1848 86280 73030 88665 76430 31520 57333 53781 76268 91410 59437 3189 73714 82204 6420 24571 70907 67820 63804 32539 1458 43642 81450 77083 62171 50222 55938 23378 89648 84857 34537 21998 81552 39969 13367 91355 78104 74244 18699 33418 1282 7123 70707 31292 84319 85113 10262 53094 84501 33823 19761 62979 88255 74592 54485 14165 11370 11496 29433 31834 83871 45634 11064 58566 57226 90216 79053 9080 57780 91552 27270 69297 55803 77399 22409 82392 71738 65730 59459 15908 87737 45284 86971 59643 93366 39591 14854 97380 33262 8159 45565 17160 43685 73346 71343 6773 71111 31055 37464 87438 10802 63801 76343 38835 38877 53693 11287 87595 85604 91349 83151 7062 21316 51603 13241 42615 38401 7745 9642 41626 87146 61079 80749 97857 32711 71516 94922 41916 63230 32256 83224 2363 32000 77823 42102 5634 13668 37020 56612 63764 51149 1755 90857 42097 10486 56149 9480 8556 87030 27365 36712 87698 8716 1694 76540 55436 35704 48819 11552 90555 28888 96783 19244 67293 78162 28038 18759 23527 83672 42883 14186 37650 58645 3103 70782 94592 26100 7603 20649 78772 33982 4811 3098 73887 15931 48093 39365 2136 31458 43688 36427 73144 30121 38241 27774 8114 94666 31909 49339 34115 46226 85053 84837 75359 70264 28436 28549 31098 46996 89498 99517 10902 28579 269 2607 85590 46125 46589 53147 72312 45126 56273 44155 68990 63871 34938 66429 69359 64504 3508 41792 27492 24855 50504 14908 93706 2514 13424 45003 60864 31895 44011 86124 836 10548 30407 85599 43544 26947 49814 95887 41692 71420 36435 91375 40816 93071 9238 48256 68773 13523 62508 15318 28609 98252 32501 90210 49837 1037 61592 61591 81424 62996 88847 29917 40032 32118 70727 11321 73204 85070 14835 29438 90787 79158 82599 87527 16933 90162 20844 52122 91118 62994 62070 51045 45336 23375 25592 3163 94165 59153 28335 23793 60523 90344 89131 79320 50031 92737 76170 50033 94805 280 8073 39593 66762 37654 18621 99715 78828 3857 51180 54537 93722 39261 79367 75095 17097 9879 21283 96280 83570 80101 59519 37825 60859 19612 51388 42879 10755 93607 55595 60826 13010 48969 
589 352
88561 99351 24998 73050 80723 27971 35334 26432 59396 26726 24202 49481 19296 32802 80118 1387 54540 15850 91453 56815 44684 88748 97254 95370 29578 85610 26858 1713 37701 69083 39478 41329 51581 18103 27235 24555 25797 86664 89727 26708 23896 22259 5394 10096 33557 7514 28380 76965 56682 33335 23168 98320 55646 78182 34843 39026 25650 15494 21280 66118 19602 10155 81904 33851 17210 84340 68290 40989 95602 80544 46283 38491 20960 42150 80367 91183 6892 25761 51955 64925 64602 87732 16872 51561 64380 80585 99804 73655 29561 11910 31707 6292 26814 23286 57674 57611 14108 74655 1338 53690 86609 8825 88292 74794 89270 8346 69134 86215 74895 33453 69332 27504 36834 39151 84320 12187 74384 74038 90273 64698 47544 58812 20362 18283 8568 13529 63813 19501 80923 68456 27896 46678 10561 87414 70814 31254 34555 19512 48958 50838 2178 38593 29856 94334 58847 66436 11558 63491 23354 50217 4200 9004 56431 34344 62736 15795 88652 22426 2697 35471 97120 93577 52883 53031 30777 46694 4358 8441 69490 93034 4745 56973 70761 86756 8365 41428 85332 15197 53303 91130 65844 57667 10643 94360 89288 37076 16394 14602 29101 3372 70208 77942 92377 60728 5096 64304 63004 99599 89920 69578 95374 1309 53823 32912 43914 18364 39716 31850 49895 87774 61183 96546 55101 90200 6004 77698 19097 88805 95646 55435 96078 82038 45364 578 14270 62343 82720 80172 31228 90936 30349 71441 31851 54166 45027 6538 124 94027 70766 16197 33711 28066 65843 4755 63980 90844 37946 33165 4491 94263 12075 45791 57632 7638 96010 79353 34119 6216 16526 38587 65908 4515 15596 19258 59462 20150 77767 91864 72057 30282 73530 74449 73850 1618 89791 89974 50397 54453 872 2701 89292 88994 15254 80916 85554 24836 98009 64590 89393 6872 74098 99435 57454 42854 48928 55928 85081 88932 9934 48376 49224 36469 57366 6743 87931 13271 70614 73123 17184 59406 69280 89384 25273 53797 37967 98729 10290 31946 64899 83216 42491 75753 6434 70277 79763 94841 87817 94150 58651 70215 5228 44630 40739 69796 4468 569 56958 52930 57590 32345 19219 22986 39710 97372 28109 99248 15726 37387 78930 26575 122 70168 
284 338
32108 44325 592 54892 38866 67585 27024 58208 50385 28920 92924 15493 18556 96165 26317 12677 14036 54480 45298 28051 66120 41274 95405 42988 67930 13925 21967 63448 95842 6444 6279 10246 51029 93085 74854 69541 53628 17526 68857 67713 95515 96527 20242 80805 89002 52577 57404 70380 84547 62221 60625 99738 73709 56522 38402 4179 27248 86505 7671 16359 8037 20239 62225 29536 17933 35109 48715 44936 99038 51801 11687 96584 82086 29323 39306 78728 2989 18248 33691 57178 12371 98035 41757 70478 56605 6583 29414 1208 61412 34571 79415 10111 49184 99307 17974 95041 81293 89660 33811 22717 69429 72250 71879 29595 94621 50505 30756 53310 19470 49601 72491 17879 71454 80011 34238 69605 27969 8297 46768 47722 82095 50551 51220 85288 67177 87349 93991 53371 48892 77163 54541 27309 24744 86353 77688 14621 37892 94890 19308 56324 2532 72592 84660 79357 37156 84597 47935 53490 32940 82486 15599 85583 3004 11273 16596 34342 33360 80721 38492 60181 40543 95510 2119 67975 37630 33141 98748 16466 79689 38895 14342 74495 48569 26365 48651 90303 78299 29969 92448 63478 47667 68417 77071 20452 76961 79114 41039 83958 46117 42137 48936 68061 61848 5987 23193 36391 2361 51325 33853 34541 73633 55460 67324 36828 82415 82789 47985 99675 13263 80248 72688 658 68395 4593 90241 95944 13065 3761 82168 47326 49854 98097 57089 67608 82796 14140 37645 56575 88825 52030 99567 9634 47184 2518 87959 94362 74376 62559 38336 87353 50775 95252 60956 67178 98947 34377 98928 50209 12219 60337 36292 9596 56284 12277 75598 14791 45583 80421 13400 42165 82757 86897 9835 84736 94276 76207 60457 30625 92643 96192 44571 11399 12765 28344 94474 85774 88579 39397 27768 36758 4242 96829 82741 87267 42228 94834 87024 55083 39215 26876 29768 90731 76230 60560 86494 92639 92880 398 62781 88368 49979 79745 13544 55805 51939 47200 80516 10197 87384 99170 46831 31227 55263 81972 94704 89196 44590 60102 72113 8785 16560 43561 14229 34297 69722 24884 78328 25821 53397 3078 57618 99190 31906 84641 53901 39797 87193 33072 
341 126
2310 19692 66431 29000 68165 4105 24792 43070 44119 89563 7337 20347 56784 58013 12091 14836 35543 49397 91236 78504 84457 6067 19750 25010 7692 22436 49126 12710 85489 61071 67848 86710 22584 14780 30553 1748 53654 22573 46889 95907 75772 51085 74611 5364 60032 7179 92431 12380 90078 38255 71308 48060 72513 16991 98711 63895 44657 28734 48722 75715 28840 45193 51588 5833 87751 10858 21654 43371 68469 5531 7386 19563 3639 17687 74441 21145 61612 43382 31210 51393 37193 65594 34033 3737 23600 73279 67863 36129 23903 43737 20099 78848 48171 21734 23306 79023 8588 99303 63250 84051 84171 27539 21177 84023 25253 37249 47458 26655 78635 92745 80379 14633 9595 40966 44689 29940 53996 96614 45129 41301 65482 14686 28003 61447 94158 86685 
239 324
30252 57923 3951 43262 79863 82491 40411 88647 21627 76112 48182 42799 41139 6264 46467 31396 8124 78678 6464 57054 9685 86552 56928 37172 26496 14456 43596 29894 73042 87045 10023 38861 46802 81970 43157 49254 6823 60441 35017 79250 96953 67377 81474 18388 72141 76069 28385 22763 14201 12590 57434 9652 9627 38444 13846 85799 81318 40647 73694 37257 8028 68276 39039 85662 12093 77119 73207 9601 78925 77927 83808 45890 29027 33161 57779 79784 62824 3222 29744 52646 93952 66302 59182 46684 11677 18128 73555 70958 54547 75755 12743 23884 93691 591 25172 90364 49665 34100 58375 90975 43821 31616 88523 94806 84683 22756 70724 12800 65444 7852 42997 22541 72609 3859 60867 44297 98334 18666 22891 97102 12848 72013 41254 62208 2109 54424 55377 41298 51753 3861 93655 91634 98761 43091 6799 21086 46359 12770 18570 20816 48352 90762 66547 13183 29574 48847 58071 11904 5174 6923 38513 24420 6327 78152 95210 38758 71437 19509 62317 30844 31131 41506 25214 34172 94482 72894 65602 31760 14685 87639 77052 82804 17823 10362 6105 81259 30449 63522 24872 7561 93544 83600 10392 35995 41675 34910 23740 86977 58240 84383 53398 18522 16148 2190 99063 59323 70647 31319 74609 97737 26506 73382 77921 49799 27605 48639 47234 71302 99166 46835 990 9242 95309 77801 72881 33235 8422 29516 52620 8805 74790 52376 35576 92048 29312 56132 27301 56849 53261 50552 81889 82369 64883 27405 78165 93125 70739 86732 2433 88369 11467 90021 33832 49350 83758 7345 49016 57055 10999 44210 90628 68176 70840 6336 94864 8824 50820 86848 76272 33379 55104 61176 95246 14513 86773 65588 8760 31956 16928 22110 85675 2169 11171 59162 71167 72120 89972 67475 5954 82816 16094 95869 93717 23995 14815 36765 39949 18590 92632 91877 60608 31322 67972 69819 78357 70358 738 39823 63400 33502 64146 27939 57011 99415 8305 69601 68422 76320 25601 34147 94220 48233 68765 10666 7313 97081 61765 7055 49061 83024 28017 46306 23402 70803 
865 314
9900 36263 10633 6753 46326 34925 4923 72680 23387 57526 7210 10177 26686 77576 5266 2233 91612 63613 47824 27800 70596 78661 92735 43422 72348 35999 97845 85755 4270 3123 95358 89839 67620 61374 96752 41362 99422 49135 7764 78313 58949 54782 53150 75026 66208 5858 44641 25846 78140 46839 11003 21719 70551 67934 67327 7571 9661 51861 93819 42914 96793 27361 64857 46040 20182 76394 69537 93815 39037 70769 34957 8984 26378 82887 45116 19177 98783 74398 75553 74573 61715 17041 27637 13386 97547 93294 7073 132 56751 13416 24526 91122 29247 27472 97413 19904 36253 80742 76606 96005 7722 1936 37831 50073 3684 86482 25313 93799 30912 74110 48618 93581 4477 36658 29548 63626 37410 32215 23930 62091 16079 68256 50300 93930 10270 22524 7401 40015 39165 23545 94431 98668 50160 84478 71948 63160 91940 25745 92311 64612 46564 53534 84958 29276 41411 42700 27614 58433 38767 23953 18658 3739 16370 92327 88134 77549 85753 51949 14730 77445 17446 60916 56002 17938 30376 87823 91703 8194 410 47666 90228 57627 3259 87468 90440 23173 12289 55005 45776 79230 55764 29529 75970 44050 16262 19772 68077 3271 47830 2261 80624 99580 72326 44871 6749 29124 64464 95324 34485 38470 42245 10491 56571 26256 67838 46029 65558 96412 35897 34356 47741 5515 31129 44073 19768 79363 51303 20619 20609 866 18072 52483 46351 95282 30930 13341 91132 2885 7146 24065 67551 31276 4666 23497 64636 34886 63337 51754 33843 50201 83103 63470 71980 2633 28043 89893 45153 16177 22979 94689 97648 23423 81220 36098 19006 36290 35920 52881 68472 31150 44378 89829 50974 47957 51173 67889 20114 73032 73762 91347 5042 72179 9748 20851 16673 12428 75762 21214 50556 70637 48479 66255 72818 37870 89001 63369 15843 63235 5691 73799 5799 87141 81988 70754 68730 1911 54748 71696 64696 88237 91346 71860 61882 63236 17125 99911 60745 25659 73697 3773 88565 86588 72213 33897 
100 312
48005 32338 65341 22726 17367 12525 23968 92602 91112 76271 39290 85770 93333 26199 94985 65616 98776 45313 98180 45945 54986 19783 22438 40500 89200 1029 15755 8738 48031 79208 82351 65627 85833 50500 51855 81291 27299 38555 45335 85494 50895 42494 76671 77108 5145 84373 56467 51205 86921 65713 78832 43785 34569 94750 94818 91896 40063 55356 12696 23233 70206 62821 85668 51647 20039 10910 75220 71818 7718 39013 42659 95004 12540 66810 23392 84825 94068 29473 65040 57975 82155 86329 47910 34812 13193 103 40263 98105 27164 62572 4568 35137 78723 40848 92447 94040 80735 35978 47069 8471 26756 74605 5860 10232 40552 24477 84662 35065 13855 53082 84595 61167 42078 61446 41086 58610 32219 75033 29827 80831 7244 7434 47515 96655 71944 73763 96413 37307 81605 28963 23198 12738 17331 41660 10713 68471 11831 61228 61948 46282 73941 82457 52835 13639 5357 73561 54295 57270 73324 67652 23604 65524 91673 37490 91505 53175 75399 88600 23440 23345 15655 25566 22209 38083 90672 55916 48640 7266 18704 46485 44915 57776 60274 22976 30691 90563 84515 36099 42463 2954 12513 57597 27188 30571 3451 39195 41992 79761 53247 96571 46269 13295 65792 34004 4264 94137 17435 89477 55638 20151 28119 51614 74055 35943 8228 48469 83261 24478 63282 98703 76663 28191 90890 34426 72807 85635 75850 57852 83927 32622 22502 37389 57373 278 1832 31109 41486 14388 54609 92884 72219 28643 73252 92186 70223 81262 16160 41889 65306 20291 88601 18722 61960 31997 51523 82992 25082 50484 92989 54629 52812 70116 13743 45090 13826 43869 3795 33736 5242 48440 65384 34343 76014 18066 48540 4186 75948 8577 70232 68372 55016 28767 19482 68592 7539 93566 61681 5219 27066 90336 88117 70732 24003 93997 83088 42418 36780 12311 94141 85759 37799 47679 84677 79233 39030 84808 57375 15870 37577 86210 59171 96349 50805 11562 35510 84672 58022 43711 14024 79911 20145 27367 
639 308
28779 99960 69203 90514 58065 86254 45638 96375 78709 623 30264 56747 5688 81524 94692 19503 14774 11039 4396 28756 91466 89702 16572 70178 10289 99244 59326 85751 84684 64742 59319 65303 11164 4120 96254 51534 45802 80932 33656 43892 52194 53212 5011 80187 78601 77328 29471 56610 43021 81581 6931 22478 92505 31879 50607 83395 50274 40135 4212 47031 36132 46480 23047 92307 99589 58068 99724 59389 9427 63848 42884 80495 59617 58858 37927 98085 66012 92596 74471 41045 15632 10590 19424 48366 90141 50693 34370 60270 60513 54810 63925 21996 7184 55463 97827 8899 66150 9651 24940 47771 9723 89626 82192 27191 28164 60075 53595 58712 66548 96019 23045 93040 90041 10718 89866 58465 25958 73705 30251 64385 41636 97890 97712 20475 810 53369 88517 48194 19964 27921 58947 18023 17616 83590 81243 76277 59900 57234 8099 52143 46525 60280 40126 50306 23525 87671 3106 40247 36622 44279 41512 38074 57711 30414 68384 92904 88322 60715 20421 64294 38718 93636 78919 4434 70173 31391 7228 96619 75656 69451 85786 73294 78620 47568 26171 7536 15273 36219 20993 88806 99907 9203 65543 63695 55264 24627 86932 75751 94277 70225 44511 96281 90609 94095 47745 99081 20479 6041 96850 50450 61778 65710 9298 96562 50902 79474 18939 7425 22810 4466 3204 46065 92362 80235 97603 65629 98468 93918 86723 51962 36710 61143 30363 51841 82500 99986 54992 22971 92295 64762 80909 66633 73989 28305 84071 62581 57405 34757 9114 19936 8983 69552 39207 91124 53436 23853 26838 95831 50189 33708 43353 39617 73412 92296 89432 31406 80522 9277 55223 41109 28530 11081 80551 22039 63238 8969 30555 13497 88744 76844 90038 10837 94078 66365 91850 64272 65493 73528 35245 45730 38502 11052 55760 11477 79543 57151 76946 35352 9787 18489 21785 40709 72353 51201 44875 23950 36650 54698 23140 59563 90125 96066 94628 76645 59783 8970 63891 4329 
517 302
16119 21064 79903 13378 1134 13249 36743 89654 63062 17765 30359 17361 84686 31615 12212 61240 10592 28490 86082 17726 46864 65198 77845 80654 21292 5506 87529 58693 39722 52724 39820 25926 22693 9407 8629 37956 90381 51871 54801 21468 99898 52195 9061 63774 35262 62069 1112 75571 40657 75170 54590 70190 84135 74664 7576 76363 58534 16683 77416 60605 9614 64115 49472 30505 33275 13730 56919 57672 39759 79986 98293 93837 76208 13291 11140 84731 16633 63707 7737 25319 54562 62664 7508 94021 86763 72703 47182 23933 32806 96179 39161 89252 17930 87118 41240 2850 81391 95768 91843 93941 31182 70922 71446 37873 46988 98606 27470 9895 82262 96671 6633 55846 9097 21928 2705 34732 20936 90615 76369 44867 47697 92614 97847 63198 69962 60839 34283 10470 27322 76031 8133 97798 72499 13812 86563 21666 29108 78692 22612 67654 48262 93385 89577 24935 970 35008 38787 39411 5812 9541 93359 86156 83523 13067 1963 45691 2359 94309 20187 10394 82782 96239 43796 21950 23240 12607 20577 27397 77007 35518 3940 50092 95308 11155 18338 1654 44699 59091 1004 31813 44596 64502 64319 51484 95813 71051 48501 30001 72540 202 57053 55312 60227 55769 97220 93538 26635 28817 79938 5849 18253 2417 87087 16133 77025 64737 77223 58185 29399 93730 60322 44758 34647 58361 25972 13492 80251 12432 53339 52240 36643 10406 19489 30724 9464 44471 78240 64081 96952 98799 40246 82199 99782 85301 89733 73097 11819 14894 6278 60515 99609 56523 81976 4778 7973 70334 64868 45362 40090 67857 88381 33724 28755 95356 40165 30810 60128 37470 72296 71607 40317 56338 56088 49250 49327 26595 32157 17359 53402 82378 94884 72790 22334 77867 1796 32081 55102 25374 9675 14925 96230 9572 41646 98089 93463 3387 37723 51449 40876 89638 28758 59682 80439 57150 87165 16513 17493 33989 8336 37627 89045 92702 
927 296
93871 65599 79777 86276 43855 25471 54977 92830 94338 6197 6951 73971 67656 74348 48319 46747 36811 94007 43686 19455 63072 80067 90601 75561 97703 10923 66225 69371 57210 50173 88360 78267 19614 29339 75323 17154 47639 40089 88860 59888 71180 14805 8845 83842 27615 24223 48808 93225 64045 50330 93110 14112 96156 39978 92118 99777 82989 91972 4529 24110 79203 57993 87815 30318 44072 11617 50386 77313 21025 4052 64572 25025 97207 44395 44195 6416 46045 2665 24636 95672 48284 53176 86630 46277 82023 46853 28613 58667 10834 42531 28818 17745 60090 26138 58506 96142 94570 49782 82152 19595 80283 43436 25006 8598 80839 10214 87835 54338 14928 88087 68423 11590 43867 17421 59024 98234 59316 59147 14231 24891 48155 87057 51510 21926 18919 36790 60571 59579 44109 49060 15721 78703 73014 41742 33555 55757 17631 53455 43284 92339 40670 2015 43778 22943 81151 27698 55724 49891 61810 28956 16320 22995 66939 60064 8231 88658 56966 34625 77391 8921 27047 70394 94856 79283 21175 71131 31506 54893 58992 46442 10027 50711 16397 20036 58513 55894 77042 55744 67967 15184 14813 39773 64276 50888 69740 27220 19658 78056 37658 31220 95988 21433 76750 41818 96738 26321 86140 49492 72487 10573 18416 20873 22972 21091 62621 56335 37214 95212 6735 28462 70087 9864 98339 91945 29469 19962 42101 97514 47051 84441 87332 82839 99103 79445 70231 32211 41313 64209 99691 56663 86688 83481 75794 36007 67368 7333 41048 79030 88810 13101 12068 69258 18864 72180 61642 6637 31212 54126 6808 24097 41398 3978 45110 76218 47116 95123 83855 50249 18084 97578 18265 66673 41292 69692 49006 73754 11788 9029 1592 64609 13417 30576 76007 92181 39167 84699 18236 26385 8062 26528 44434 50862 9279 95633 69911 78917 25298 28786 29897 85084 25791 14696 97225 44231 83856 82116 
952 294
20834 45257 99864 67080 52540 31021 20324 65232 55663 80613 16087 4021 85057 40724 92713 24656 51486 51565 77542 38562 2426 38372 8022 35942 96224 77252 54772 96444 29812 57751 75847 95583 85197 49870 59229 70126 11990 4916 79847 23548 15871 57635 74158 2974 87169 29513 72024 17244 79400 89078 56447 50821 76306 65031 46856 45731 37101 83249 35586 84608 61200 89206 39418 3370 5089 86386 31347 28104 31870 21813 8553 4142 88643 42504 62294 57540 89017 96215 25058 20130 60351 61895 88474 94055 42667 57978 37697 90400 8083 65081 45009 95841 59853 80570 28500 91798 2537 75311 96862 78509 91371 62322 63693 81648 22290 93996 90665 88410 54534 15868 51733 8813 32704 66566 77128 91763 66586 61829 49338 57063 40238 91967 90656 50143 6613 11160 90556 19450 17720 67051 85800 48886 89395 76307 79524 13321 56843 91975 16189 41993 1080 32261 38772 96237 51524 30534 12847 4971 14086 32577 79155 14820 22369 45572 74563 77695 41632 24740 75696 90223 63602 15463 12629 64401 45002 3946 96620 63790 60811 11072 11795 277 62232 85189 32359 12486 95132 95494 67449 52169 89248 67950 75659 50444 69699 96269 81159 14329 99076 95026 10538 74191 64107 19488 62862 10076 42133 85182 49304 56269 25154 85598 1391 61334 44218 52316 73980 84262 25326 89401 79639 16765 22968 99337 12476 23701 15968 63886 74826 94322 75186 29261 94100 83225 40568 87440 48552 41760 20982 75483 8046 89978 45799 92758 75305 20313 67340 86764 22175 82518 7527 7159 33245 60330 69029 41936 82483 71507 83086 18883 7727 98517 49361 44669 32234 12384 87840 70795 73810 33442 62345 91166 63654 90506 98576 60969 1700 4818 18224 38680 2733 3415 97990 62632 95884 83895 40240 27429 97893 93833 76940 68981 10794 6063 13157 45663 37580 29061 75579 57682 86443 47361 4974 19041 
505 284
15780 67832 33121 33501 90938 55833 93382 70490 21682 45980 75368 2670 22316 89117 92781 65567 41111 96082 36948 19729 69677 16216 56688 67152 50646 53812 53314 72379 2492 52681 84615 75454 4714 40984 96667 52401 54536 16186 35319 49401 70259 88462 17419 14783 26811 41653 21844 74237 45983 70631 73062 99187 2614 99585 87945 8967 36444 50215 12304 86060 2330 3053 69115 45474 96768 26931 1320 9424 5453 44599 55690 7328 8942 52994 54950 47714 86153 53924 96136 86754 65634 85490 93575 34221 92492 13289 59715 24273 53550 58079 79634 41807 24906 34455 89115 13200 57084 65386 4402 54052 2815 9360 34293 87355 42506 66193 44419 90486 56167 87951 74044 62827 85797 84718 87092 72292 85581 21141 16519 84657 57088 64353 59600 96515 78065 94416 16439 24129 57342 77612 97070 2849 46615 58700 5342 58333 63642 62607 92971 92619 95955 18432 90884 55029 54173 84523 22750 93535 23730 50934 95361 20211 65752 99013 17412 40304 56903 81285 67712 76879 72435 30122 39871 74945 26929 92226 4440 84768 63285 33402 83745 36015 86315 64617 6497 31321 43140 34446 41208 23432 3365 35265 21808 10614 30768 23058 79578 13340 57966 13912 61527 65087 82478 64197 15454 7139 61147 3373 38087 51940 81748 31575 74392 42906 80085 75233 30797 99987 58088 75566 33890 95416 38211 65981 95103 62086 70165 76248 48918 89521 52387 47640 56694 31275 33626 30450 24868 94036 68388 48338 11125 74414 61532 49364 36232 6632 41129 32893 95455 58780 69445 27852 95526 49204 30482 1262 5934 47211 93244 53830 7408 20340 54229 11600 44911 36323 46514 17315 57237 4000 29503 43298 85013 80785 23810 6784 72971 32057 61005 77207 45903 27458 46953 58446 98280 96778 43319 56757 83198 70041 13428 53985 49136 63567 
621 280
42834 35347 69942 87891 59137 29464 14945 62728 10314 11658 44369 74365 79550 97675 92844 36955 32502 44180 10207 86758 3581 80176 37806 73458 49643 11912 96434 94963 11388 30679 59357 40162 68180 36951 18544 13329 88607 77959 57616 20176 72711 19178 27406 70746 83292 97574 64389 17618 28150 29006 49015 17256 4060 16916 7371 27046 15760 47216 7938 62894 81850 19974 7987 62258 5414 15370 63799 77713 71238 2972 24408 80153 35648 9316 34427 76301 417 48620 77145 69799 76429 1424 64343 30146 16875 38522 74671 76214 56215 84362 10092 93230 46257 39908 78830 62913 61194 46399 25049 82408 36702 11054 78274 85619 36942 72450 48132 33052 76514 64773 26008 64817 33030 66600 70858 44063 58237 92233 26653 79936 23846 45311 3598 70063 356 20214 78811 88941 52696 54942 89625 31672 22673 5609 57757 79753 32792 45606 61496 40397 64587 70716 84410 29210 48987 63817 27742 38856 79472 21643 40553 13504 91792 81339 82073 107 75015 82591 33604 33299 55352 9474 38259 44357 60998 88407 14654 50650 22614 33810 79877 84516 19897 71 53719 79152 66902 21674 54224 19324 1463 84463 62823 24090 76079 41537 23363 5693 74115 76567 90642 95464 54915 1990 81540 35720 50873 37219 59884 90278 77859 862 74665 25407 92011 54526 74185 45138 3668 69902 98532 7510 73625 91489 60133 69909 81117 5661 14245 56619 25115 30564 54654 15784 69235 55660 16312 93259 55247 64950 58673 55704 3644 133 50089 41142 23883 64846 91136 70867 84240 72295 29400 20605 14060 88303 14872 41261 78398 96589 81894 18468 6578 39169 54233 70899 40147 39603 90271 64049 66390 30569 96190 19437 27408 91635 42087 43727 11985 10506 53191 38799 45186 4541 87985 4139 49829 44853 5815 51099 
83 263
74501 89298 26329 2400 25792 9494 54792 12769 67278 45670 92882 97717 6393 88351 61335 45505 96627 39382 47685 805 67581 84034 99314 64732 67453 48331 62223 62636 16537 88382 76390 25287 69763 84282 83648 12628 37911 60087 20955 75344 60967 24560 32053 86787 10156 59253 37313 84871 38221 68093 98169 7446 71796 12745 75321 78090 9076 41951 36343 36474 95619 98060 28970 5080 96975 47166 58478 24774 7532 68474 12064 86344 46938 52460 26697 80500 24454 44158 84613 33632 41771 4039 58935 16782 7253 35564 86547 43677 25702 13672 97142 61238 47905 5771 66514 33505 16985 80980 50035 57291 60053 74112 37919 35862 95793 61837 56606 72151 81727 25830 14474 3366 39440 28510 16639 47953 54807 54149 34914 6779 60341 93362 24393 74393 96803 19971 26698 65309 5180 86369 8603 21703 5766 97236 55843 54585 14162 65230 78480 70585 58110 64177 10118 94260 26470 86804 37907 86142 66741 16516 27544 98905 44188 74491 88018 81124 12656 87133 76006 54177 77618 23976 19248 81451 20128 79937 44898 93758 63604 76228 85757 52858 25502 53270 87966 87611 58647 52793 57677 20161 32325 15519 4939 3685 85974 51707 77475 74178 32253 57196 11286 96116 81048 5578 72943 85256 67146 39194 83050 68514 48443 50744 35456 68047 47475 64727 99711 89611 53802 8644 60693 57969 79068 93839 88069 38199 51920 13699 51166 94031 69267 29031 68527 21903 72682 20735 97635 2125 92500 80406 41179 4601 58265 4081 96648 64874 10698 84712 76351 96017 88277 59007 55304 29491 25475 75901 83374 79442 21620 58713 76005 84083 13868 42420 40811 18647 95686 25711 69464 33246 36627 82690 47527 
837 270
58029 70953 66825 92459 898 51683 5304 956 17921 21959 90553 12501 20446 79165 44401 1594 50691 43458 48789 1878 63929 18698 11564 73229 98502 97435 60754 4792 13130 44338 10862 495 23353 27241 77226 45430 19536 22630 21443 88171 98306 16628 48196 76837 94665 91231 69739 97548 46354 41310 19675 27141 98567 54311 10277 83188 56456 91767 26375 67751 46275 23623 38670 96534 7057 92940 2915 61865 92994 78959 45434 30591 1122 49023 71205 20574 13083 74175 79707 4837 29293 5786 33500 23504 83044 24633 612 71071 56842 70593 67098 11742 41879 91582 13898 50210 97140 96405 68036 61892 87358 32702 81677 15750 66754 48148 93078 59859 78701 42727 51114 355 43810 70284 94788 55887 58329 90032 46555 96610 74915 46153 30828 95013 70740 33359 51636 48007 83813 73112 75930 96821 5605 77342 50729 68313 38925 8599 87235 56369 73574 4815 39628 68622 42295 75348 57139 38610 66520 14883 37310 62496 22963 82104 88425 83868 10763 57382 57901 91615 10845 78651 12611 3746 7963 90920 48670 1739 25107 92662 69554 11304 86802 81051 28790 91700 12340 21885 31593 33031 74204 27533 92955 50131 28190 89724 66399 5872 74388 37465 6531 11713 94440 36856 62416 49924 7818 98121 51750 93949 56875 17223 83693 79846 87026 76839 70113 22788 38793 97636 5398 38126 54520 17286 46699 48433 24253 29634 93688 13698 68011 77050 7102 95398 27414 82711 6768 82721 91260 33334 43960 44411 75149 20328 40783 38296 50827 39630 63975 76963 75377 95148 22570 84372 976 98569 88153 62900 28303 82840 9215 30583 39979 11474 59373 48408 63669 99522 39317 52767 7573 38684 8515 27536 30794 51038 88645 66048 32775 84782 
260 262
50524 70524 64579 64443 48412 82496 11704 6730 66635 54310 61756 55925 88835 9443 17594 51682 37809 3921 12463 53567 52762 68405 86549 68236 49647 55822 62180 27525 70532 57144 43735 25205 24076 73227 3929 62047 51963 27633 37220 13138 99690 66981 73521 10140 89682 41242 89902 674 54152 19439 44076 14543 22794 25204 26198 99765 7178 64468 97864 21197 86525 2691 15838 25980 72041 66696 5410 42913 74747 77419 30965 18145 86355 15464 73566 77965 10482 27150 80632 83647 7259 30542 92979 75388 94800 75474 63358 95542 76960 38457 81733 50560 50256 71946 99989 23761 13226 6162 23785 37918 77173 72670 77187 60454 50767 68927 56934 59961 50324 34756 56543 81046 42283 36062 26581 77740 1751 58746 89519 36002 43591 34412 85934 35850 44943 16625 81487 42685 953 2836 66324 77639 76498 11395 67349 48701 69281 52107 12965 94874 905 38355 57464 7663 98865 25977 97106 80809 28352 94765 53859 72420 90188 79579 85277 6357 20875 66671 90721 8560 89063 78786 83703 90205 70975 92365 94590 95995 51888 83728 74236 78215 51930 5267 57059 90985 10946 67063 21322 77803 1768 53330 39132 4625 53650 16379 21138 43051 73956 32980 42410 68424 94112 42386 31652 80416 89556 45954 19239 98927 88318 26678 40418 70194 25656 57565 97037 89537 93724 7810 74443 90379 25140 7516 57983 48636 13824 3388 12666 46885 26128 9342 14795 71669 92309 69579 81145 36356 38797 29103 33924 6215 17402 63530 88109 52088 52153 42457 63023 87749 16984 50872 33845 74374 67856 52332 52025 55405 13663 96661 30990 62667 5877 11540 40891 1133 27966 97223 74146 82128 97441 20546 
247 253
15803 37784 302 73490 83466 51349 27410 17221 18815 95742 79457 7212 18458 78817 37909 9684 39952 7127 21281 55451 70328 84388 42214 64668 52806 41616 78734 6149 9032 67032 8015 19004 68275 48029 39128 15520 61103 23214 86347 7017 12823 98462 41484 62240 69548 81081 28673 77831 8576 84497 37601 18703 96077 81041 62659 14647 37165 53575 4412 48023 72690 88256 44660 62403 38159 98139 97409 33659 7608 90272 33422 38304 46276 88865 19399 41824 4121 19458 28519 48353 17615 38252 73243 1384 30317 55300 96541 42658 70526 60012 44359 22237 46338 54144 31024 61950 38201 25173 69260 64826 58844 36574 21947 99985 55420 52535 3305 77581 65517 53179 37740 42475 62942 43654 93517 27050 39204 49751 21304 56536 96904 95838 83131 54973 26137 61834 62255 28050 76900 58993 60597 70370 17817 59828 62713 25235 56286 33871 25440 78211 86962 78785 3619 82294 25232 90324 20787 47968 80935 5372 25874 61556 71494 34092 31733 54123 80824 77547 56814 59424 72824 8597 46717 51145 44607 89797 95473 34474 59772 18729 32431 84174 42805 815 25444 19161 50207 88226 51989 8319 69033 97344 57628 45714 41858 27107 69381 71517 67603 51417 12310 54086 69790 22133 54387 39403 62178 1499 99139 40913 65095 75103 20741 95328 25068 86950 39421 15118 82579 38948 25132 58738 90566 20236 91412 31926 25966 61827 92563 10567 14447 65950 5875 91362 46369 46935 50743 8567 90823 18214 36564 95500 28009 40206 81902 2783 3750 73488 22176 34259 91468 10418 46720 54381 63292 92882 88748 91819 70382 76569 6539 12678 55534 
127 240
12011 92322 58891 38952 22991 8115 22452 15734 88894 87523 1486 76223 10801 75844 52734 65042 70845 88687 95702 70843 53893 42979 26849 12500 50283 30680 85618 54368 17907 51537 83399 66782 7005 3497 43873 65551 61212 34845 48532 56732 19383 75999 7247 77206 39400 92756 54010 18932 66867 4432 28055 76083 96816 57924 999 73022 64714 57544 5853 56716 7470 81208 87604 31370 35053 69975 98936 51927 78903 55898 83815 36229 38606 44642 74177 67596 88279 27832 17556 84898 23480 63417 16414 19417 11109 7554 30723 32905 9610 60377 67311 66580 89376 80160 58028 92192 17163 29485 46364 42445 77608 20962 76862 24604 64761 40091 45139 89204 59103 77658 49845 52156 24293 968 40608 38339 18674 93290 4381 79519 55023 22911 43457 35728 34384 15749 97433 43617 39885 20600 73913 48973 17625 2709 22402 30664 49961 27281 81058 73617 32287 43204 90194 53756 24766 97721 82714 51287 5110 32538 25460 38204 97167 88423 77641 33562 90450 27228 58281 44704 7798 65398 48009 82253 35483 82125 7509 4318 42100 82448 98645 34109 28167 74876 67137 64926 1226 3696 62904 41576 93166 36421 54702 44872 94961 337 98859 84786 97876 64783 98236 79666 5374 18475 94208 85308 17705 41949 89848 34037 52958 98589 1373 59384 16435 54267 20870 30480 85612 28222 47819 25377 69669 93588 45340 17253 18450 88983 39347 62530 75072 68646 98119 34587 29973 79473 2887 67631 40008 26674 8973 44984 86201 74751 93241 90279 42352 29869 73875 32485 
353 232
9385 87544 35388 47642 55259 73949 69096 1668 59564 35150 65371 56098 98164 23293 20903 83160 10821 89340 41307 90399 90834 85812 58926 25781 22674 3183 6829 88756 1964 12473 86188 75712 20889 78901 62519 65541 96767 51765 78263 53865 35282 50290 48691 7207 27831 56449 55745 13205 78351 26162 18717 23312 59118 23433 51302 27065 11624 28961 17897 14890 70760 58394 63095 87328 74819 10423 50668 23317 28986 48598 25970 85571 55131 77307 55320 41295 19633 54648 88021 75136 87548 28248 13001 9672 32135 79249 17013 87713 68701 74303 7467 51064 29519 95951 77300 35599 10986 42525 27752 82217 69709 91003 7416 57262 90831 52503 61341 81900 47141 21470 22716 57807 77006 64492 21657 39793 41905 71924 48945 59347 39723 73425 73700 34515 33515 10798 21683 37745 27124 154 54969 27826 66686 75235 56196 85995 86185 81708 75589 33850 32760 57051 59698 95945 28208 71963 75831 70227 23355 47301 96695 73347 93755 35001 44755 68798 36792 33499 10240 86444 65828 21879 25389 73018 66040 52492 20866 26590 33160 50065 65501 4043 64556 59574 23080 6750 96344 80761 73537 94228 92383 21653 87554 3064 85965 28672 12206 4371 73475 85602 81645 80821 27562 14708 31736 59596 56746 99089 59490 92865 50172 61336 73808 52695 96910 62647 61734 33950 59949 53791 69453 20602 78326 18627 51343 36460 89309 77330 72868 30574 86729 55321 32867 86182 79668 92165 52685 53259 11594 18165 94030 17844 
715 230
42480 8722 98414 49200 64564 9473 95311 32407 94081 33559 60619 10793 44997 62384 31590 71906 55834 34670 67548 39314 11675 60881 72864 76954 40793 27475 72776 62125 57894 94284 35663 11997 59042 78721 29888 31346 79930 49202 83966 60960 17713 39262 1482 71671 95589 60282 53923 18286 65955 32342 20035 79487 58962 21286 42084 19416 37727 30168 66295 2074 41471 25427 34225 79696 2257 16734 96253 9597 37959 51726 13076 98014 3316 71995 39767 41291 91475 18706 24276 48923 73145 33960 90971 87852 2216 28169 46895 73924 45137 50998 29677 59607 30134 51873 98694 55637 43722 4790 75946 84482 69043 20754 54117 34573 75602 68675 11360 86244 83783 76393 26492 55964 75692 31142 54005 7203 74090 50280 77787 83312 89186 25935 96321 4414 60394 95767 61154 3295 1166 89888 51771 47570 21858 28887 6618 47498 82141 37868 61462 39357 87696 33222 81595 4895 99495 67928 59220 25648 89208 36419 4511 35226 15977 92836 23747 12644 18347 83275 10196 25912 60627 8688 44964 83998 53101 54570 11508 54673 39514 3688 43122 85174 47545 32497 95514 16931 53994 50567 88611 9460 10748 79592 33002 63629 53761 19369 41166 50763 52237 75286 12151 62129 55889 35095 46990 80349 66217 11129 46245 59030 61577 96203 56812 69468 21991 3421 71455 49020 16601 31782 87760 72962 1507 84268 3079 39241 3397 35909 22554 68080 8382 95385 79710 52202 79015 99074 57768 19847 6687 39111 
457 226
46019 65469 45728 39629 56764 81869 15766 84026 36602 37857 55601 60801 46511 99803 5175 73734 53983 25329 40738 71977 57737 13745 37914 99884 97743 77704 14012 31240 55932 36551 64305 65851 66228 25344 23139 12956 43541 62983 56805 90222 41148 15712 20776 90869 95480 41357 38729 19706 29148 77898 56058 2848 77629 42788 8367 50326 18584 12694 35303 9843 75060 6770 69736 63807 90686 55466 85603 83483 94865 67953 36318 70995 95789 14473 86791 71709 38978 79382 56680 33174 90591 59420 3510 63998 22156 59089 53209 49421 39108 83337 48609 82215 58464 75686 91218 30044 95610 13166 73325 96488 42820 78578 83112 57279 47285 71056 10110 7231 89035 80759 57861 83666 73662 4673 20180 52390 77908 77667 92597 61766 20043 58625 51680 50202 58344 31513 61506 36230 84659 52212 25998 98813 43403 63826 62456 62818 41426 43537 89776 38180 46860 7443 32471 38528 57735 50158 52210 98722 15541 14814 3830 42022 13401 41639 60994 55754 23099 94586 95192 7903 61263 64227 71538 37589 7836 66378 59869 10344 40237 97299 97689 86949 20411 28537 82936 88759 93347 87467 86914 96649 35497 66138 95262 314 65933 36280 57449 6576 83500 15433 47384 54804 36523 35567 74425 70859 43993 94379 69217 8943 7868 33846 95750 19915 60123 67648 5920 88675 27334 43529 5673 49584 10040 16965 4795 99357 6271 51480 66721 37731 71713 11576 60711 95820 98152 54325 
466 224
26054 97793 82386 96883 90184 5996 99743 53641 7458 82273 60019 96573 24280 64252 16246 35830 57744 30477 75741 29335 83620 8552 12493 90305 42356 51001 79325 85630 96656 23172 51947 73483 83461 44384 32475 74556 32487 10026 15661 74395 25581 25850 69842 11309 60562 18581 76 72092 60901 53686 73683 94426 36330 45939 51610 3496 26224 66093 89911 31218 40953 93137 78271 65855 14627 53269 34354 40513 19394 59723 53610 75563 57304 72506 69212 67346 49680 47909 36138 96739 61006 18876 20998 21863 78329 2026 30906 83990 1578 13640 68663 7678 7826 89485 26234 24853 70967 86972 37797 16848 20028 24246 76933 24352 68182 85110 51485 97863 32992 87352 17200 73885 70991 37629 73883 97419 72340 54821 15220 57361 58855 42024 47825 97303 18616 91389 70844 63528 41615 774 16722 74176 23163 24132 9109 48064 37181 8660 45669 243 19164 32134 1114 91385 4349 83291 56385 54081 76276 26584 83324 1552 27463 32383 65759 34491 25476 37836 19646 43231 64420 75200 48379 90900 81929 48870 61388 85886 30299 85108 89472 56443 3825 82589 27187 499 12757 15730 43972 37632 73716 88589 16754 39608 16822 6862 60216 21960 50162 54695 14315 49163 4471 14367 39971 81021 69614 39719 89632 23388 91275 59341 97844 55427 74598 87436 33339 19858 23484 41578 9671 68368 59348 58473 83394 95130 72483 62265 59246 43641 13456 15786 89960 66679 
267 220
82414 95675 72857 13338 11117 96306 47553 3922 57843 83976 54035 84259 10681 79795 36043 52422 86311 58379 2222 13307 17584 97906 12202 9659 6235 20142 33652 73582 38499 99918 83257 8063 76193 24705 44005 53298 4048 69839 42607 34051 99106 37384 57570 69294 62092 15362 48634 69870 22610 60531 83932 22546 48658 66828 93070 76289 23123 26871 91491 11900 40441 58082 95261 22608 25617 76136 71781 14572 62252 96772 34836 63715 9875 24354 67394 81241 25645 23838 65109 45237 26420 3211 857 75635 14846 39462 16810 64347 11593 16835 14198 95522 18586 57605 44954 62373 55670 14136 98264 838 7220 23114 28969 27556 84899 91418 25182 80151 90054 49082 54765 16894 58363 64872 57853 48248 14000 83690 99541 98535 65314 3703 81050 13649 57816 84033 32521 72290 23790 73960 63164 8891 81167 86737 95567 98850 13080 42237 40114 79704 51370 86383 40591 26833 45792 55121 17064 42864 89006 8888 74968 41031 43278 21501 75208 64972 47343 72126 7869 59790 65912 92010 51713 83828 67922 78097 66601 12377 44445 40877 73474 97479 80764 39937 24794 50030 58017 63042 29162 91871 76824 91430 23873 51087 68492 64321 36289 24666 23176 67955 52019 71142 80818 635 37880 15662 62282 26625 12173 3482 46441 57865 80278 22958 7713 57950 3729 10677 57476 61477 28731 90518 90454 70505 40059 68106 37191 96737 49560 5432 
903 214
56152 66008 29857 86647 73672 4682 90595 52736 48021 16192 71306 26703 8640 77051 8590 87305 63215 88957 95381 75081 31066 27043 11181 56592 90508 48933 26035 4557 97384 90171 79540 74249 30029 46538 55297 17739 83824 10888 18040 55191 55415 72014 480 16326 70006 94869 31280 2959 86527 16037 71473 9785 59119 93514 30332 83923 9052 3258 68664 85246 43208 49451 70633 8437 35410 50467 53982 75827 87054 44220 13661 7336 67393 20379 81943 66021 71350 72731 50683 77537 59152 54030 41037 78150 51675 25987 11301 38929 5843 48210 14570 35716 23902 52311 83027 79990 34679 41797 35038 94683 95461 9304 58886 76061 46621 81725 47586 53253 65403 99280 40390 40025 12668 46176 92008 89495 63445 85990 98177 99366 23019 79456 5373 23784 85551 31978 66922 22989 15673 71050 80360 99392 4707 96513 63443 94163 1448 59970 93274 89627 77877 9604 10271 76409 86003 55162 4221 90435 18463 15534 34355 24754 43825 66425 38888 2126 56929 13594 77519 99799 42545 57938 79211 66336 24845 74026 6959 85153 70441 84337 79351 58182 36815 29285 78577 34057 28257 34143 93076 3580 57085 97100 60742 2499 98250 62083 2934 50625 51575 97057 13623 76353 53257 78283 63580 14591 6054 44988 80887 87205 81842 22737 48231 14481 18700 35994 471 96882 75114 28777 56579 48563 47329 68346 
470 202
97134 52941 4739 47552 76287 96922 40562 2952 66065 68060 6059 20243 72165 97016 39779 71403 73642 24654 45501 66818 34015 19637 99033 1294 94531 49700 29923 27285 44759 29591 96733 40558 99797 76275 25638 71423 99169 69477 79091 88992 71592 71089 84852 76388 82173 33644 43829 99692 51742 49371 53114 72981 46062 12208 18965 8972 40887 62538 70169 3173 68845 72365 27838 35390 65258 61197 45637 73491 87378 23713 10103 44708 60510 70961 86639 47314 86652 2771 50 97813 7944 66105 7711 81322 24114 5407 3151 97139 40972 64898 11719 57318 17752 96202 44864 82703 39516 60192 52660 64339 90154 49150 29624 11218 86860 2902 33382 63685 71466 44639 38391 93677 33774 14963 13620 58266 2396 11143 33447 15562 63672 86441 50898 61464 81370 96977 63356 90781 69519 10973 79942 44547 21202 42094 93021 27851 72843 29679 82742 30532 26406 80104 34538 90384 10089 64823 62494 10697 4724 36420 78519 30178 85623 76238 99974 40699 42344 55707 21713 43179 10861 71399 93478 69899 80138 29387 57057 99790 82041 76528 7984 94439 9523 17156 87555 55354 25731 90017 63947 95953 22317 1793 86924 7801 47524 3420 24412 92276 29043 43312 21791 97609 99966 35530 74937 87750 26547 75290 67872 59020 29798 3005 
615 188
73120 31637 48703 7495 75160 77705 77309 53137 18683 91950 77047 11111 9434 98077 82336 73405 64092 67896 55246 70708 42792 36241 90525 84205 52810 59161 53960 85931 15038 29235 54253 10654 12549 66424 67288 18614 9575 50785 37342 38361 74541 87954 45440 75976 85991 22013 68238 36227 38811 8710 23460 7064 26497 95051 35452 87211 22900 46674 64256 22026 6341 36686 66122 79637 21668 79714 31970 77010 58609 49505 58569 48000 73124 84580 9860 4931 42373 27411 83184 40209 4713 56885 54544 26757 26733 392 91933 98933 36338 20086 64184 34110 97882 44999 12313 11069 98791 85506 83908 93599 31194 22843 15063 13098 48460 621 36940 26075 47883 33801 58502 84539 30276 6258 83585 50474 30307 89247 27166 70747 60876 61023 21752 69714 83207 22725 85926 30046 3836 43888 92762 74778 45361 36090 10689 8822 67523 48466 73667 48277 26136 57528 85173 93989 58763 34742 3699 38559 95259 58629 98066 54645 33521 42952 59744 76705 7797 73461 37254 92176 4752 47283 26772 87618 54595 40522 26436 93551 73594 39810 97980 2084 90847 25895 6117 49326 92719 63973 41103 10194 54711 36216 87035 81882 89640 17483 39485 12958 
242 185
12081 1303 23309 16393 15635 32858 57563 37570 78572 65180 45038 64947 38924 94339 27769 65383 61215 20339 49056 12896 97427 14799 92149 41395 86359 33401 20383 55520 32637 90908 92629 69741 12518 59530 58919 61062 36540 70020 64039 12546 69834 34008 23206 64978 36182 53026 77616 26568 40346 22996 12435 43758 11331 53136 34971 67911 8923 45413 60107 55372 33638 53231 50317 57836 11812 54731 29481 26544 10895 78544 53088 53963 79920 53320 19066 15059 14607 94757 16347 3786 92933 45930 43398 90570 48619 84195 25171 33364 5660 54158 63064 98441 17024 5931 33716 29132 94394 71813 24818 6266 34329 80862 66289 6003 47879 61332 15076 481 96781 5084 84292 27691 88404 74189 95296 59270 49756 4377 96624 41876 63075 9219 81625 65278 97752 33153 91934 104 51691 42511 55172 13847 67593 88412 92467 48759 75252 49547 98423 26466 44600 34924 6136 81996 15998 94705 40394 23496 36417 85877 71910 84005 49174 30451 78954 40948 68310 77582 5870 63767 18451 93438 15689 69951 20191 94725 3963 96865 30964 90722 17933 18145 93575 37892 90364 92904 5609 56439 38221 47442 35599 79359 38343 64322 47075 
402 172
12788 41841 85842 91675 3441 45277 46139 13703 55684 34659 37208 59252 74405 4947 37514 80533 1782 77125 77021 32632 83407 40525 18713 99534 47599 8543 21533 91941 55342 2809 97117 60765 58997 94495 31583 44013 26907 79614 96631 21502 96845 7616 41998 69516 22806 445 10498 12504 98371 56501 78597 34912 10225 62109 25117 63139 45577 66380 16578 79295 74 85300 97542 37733 89641 44039 72034 1300 33155 47176 25339 50170 70138 76157 97516 23555 84379 64143 83132 24149 50539 7317 9542 52318 44640 84742 56428 28979 94534 39348 94792 36744 97960 12901 49422 46929 93657 15217 37115 80168 59318 49614 2016 54307 79035 20595 39302 19840 31673 30042 62253 5392 2048 17462 81492 92977 77017 37716 59818 61451 43141 24190 39732 66275 92254 72317 11307 9801 69966 86048 14369 60621 47457 61080 43435 3430 52386 92370 57439 57812 42202 36978 48118 49194 70145 20932 1567 53768 52634 12515 45033 75273 28732 97459 67691 74663 65055 51442 80615 2117 4046 49575 36626 85119 97669 14381 56374 58504 36430 20445 49140 45330 
614 164
1968 99787 88451 7894 42329 52301 22310 65442 41120 57962 8244 12330 90734 7631 99832 49098 27417 24366 39019 21019 23268 83014 6076 5983 59413 59931 51864 80309 73333 59156 35491 83646 97611 39709 41180 72254 54376 30822 43895 28160 69315 77270 64588 76490 95706 27506 15976 61546 80651 42688 89110 38818 96364 99374 58238 2351 55643 28021 94009 48663 34000 8426 90925 57577 20 59614 25395 58460 13884 90060 63375 90174 24597 56406 91931 56408 30939 63302 54747 62388 91274 96815 29123 39456 5094 33896 56629 26742 72928 63678 6928 61730 88877 42784 30579 72256 47573 54192 56490 12080 55220 63002 32639 37833 38100 3882 33478 72568 4963 35522 31608 84489 21977 95665 69648 85144 87388 32831 72948 49299 31007 8009 4274 87726 48251 88169 87506 36669 14427 76475 44861 66291 56079 54661 58596 70827 44215 3454 15441 56277 88259 9654 62152 40743 21140 27394 64067 45499 53521 58038 93330 5417 75492 43585 90040 93619 73073 6188 309 11961 98525 96341 59184 85510 
200 160
38000 44905 92860 93172 1787 10732 3068 36468 32628 79046 42640 26358 30952 41967 71372 86166 58727 82538 38964 87381 69149 26388 45152 56194 38478 60807 13208 75519 73664 50948 49096 28950 2167 45578 57566 99904 82207 71328 58382 79341 78089 51313 69193 10398 14038 76037 22785 28230 91627 42195 53336 96939 76903 99857 58905 72399 82420 51712 93138 51132 80440 57319 54024 54862 21227 25534 31158 40210 6876 11823 1650 77989 75795 64965 96392 41163 77734 90410 35868 4090 97007 24912 28632 45302 66203 41866 45272 7905 27588 6775 56438 71065 74644 51339 99729 69410 48974 33588 67614 80036 18101 21428 63770 90368 68489 14649 4679 36866 40296 22304 77886 1907 46915 36247 65832 40291 96058 71536 82914 99210 84821 22493 47624 91498 63737 54943 21343 73149 59401 85208 20432 69857 91677 28834 99450 22999 38987 42974 95827 66231 41637 47674 41648 30647 5916 61702 71955 66145 23808 47803 88054 47046 54597 91788 7729 69965 82889 24562 77663 53959 
475 152
48755 74594 30100 49998 35409 54764 72788 18329 87814 41594 50977 95753 28151 41377 7746 99608 75322 63137 63509 53294 19335 79260 67649 46376 2027 69377 46820 6132 53598 83739 72475 72945 64920 62025 51912 62184 63962 99136 73270 25170 62945 15198 12653 93785 77157 84793 82391 96909 62860 48071 89612 21721 43449 98279 72142 86194 18548 71224 25256 88066 57870 84778 88422 41677 34568 81763 31141 79381 13148 11585 53425 50425 95043 41131 44156 21735 96438 24358 40920 50071 85304 92164 99554 4023 16581 53897 46965 22964 56120 80798 75339 30837 53243 9329 85881 61744 55357 89449 32197 86305 51668 54624 88535 46788 22278 30712 27973 50057 74612 41424 46672 99679 21325 60035 46381 95006 81829 6118 21234 46754 62815 1658 92683 6037 82121 62204 92819 76993 97710 28146 47098 49597 22020 87643 42819 56578 18487 50464 91439 54359 93917 6459 75637 65155 90670 67907 90941 39666 52968 55551 83568 12223 
742 132
3116 48188 20943 9003 14230 4068 24869 40648 26164 61710 23898 87738 40419 85305 17694 27435 18857 1982 48908 92490 10038 40878 55471 5460 70164 84154 24193 64816 87474 46448 33177 35373 35058 71754 64427 39425 14029 32071 30526 267 63864 12890 75954 45992 29074 77892 39794 17181 40721 74169 94525 42430 54208 20367 37008 3481 85547 14317 4462 10302 40900 34846 58551 57535 70680 91649 81417 7138 30910 26548 76132 37093 64580 44217 30200 57311 8188 47576 22227 60494 88801 66498 83331 68608 68823 61560 20183 59994 86193 52549 55844 56057 9945 8039 59863 83603 89447 82951 12528 57017 59482 91134 42668 54867 38963 32160 84072 22345 37026 50126 29097 69885 23051 85736 8024 33926 12407 93467 21779 52630 46494 87865 46263 2146 3245 25291 16425 19568 2920 49660 57845 70976 
389 128
87322 42645 92205 25255 72147 68097 91848 9305 34847 87297 61022 20564 37376 8248 89165 26061 67521 86991 18143 64684 88566 86830 37416 92053 68494 65062 16690 63515 11266 83319 14503 11858 6449 96174 52119 74624 39634 18094 23923 2620 75956 97257 86513 14158 27872 93459 79587 2077 97959 90691 25469 64730 4167 8533 18501 60887 16890 3894 97274 45500 39813 21170 66215 99652 16473 60193 1571 69169 24415 71005 68019 3466 31595 45754 2214 45436 17094 98975 58406 32274 95030 59237 15286 17585 16282 30521 81185 31503 60345 89220 68312 57381 55620 31206 76727 61165 34588 20323 41389 88246 53980 34022 67409 65038 57260 4070 88175 89553 96558 76274 96225 17743 51009 65407 54545 67330 29745 24939 59096 45697 72350 46429 16509 31779 72223 17480 79688 41356 
160 124
98295 63550 18155 29632 70955 32866 30151 58792 44812 49199 15481 61321 86963 19849 36798 79106 7734 35996 17641 75419 25116 27634 44808 57805 68371 3379 26680 89820 87443 9285 79198 83930 22846 74755 95569 42869 42843 52274 20217 36398 51023 68535 90688 37080 62291 7339 19885 91962 55610 33147 29884 37563 68865 49380 39188 82183 12144 38795 11620 74981 90730 15525 10848 99914 2747 25897 22324 45589 5979 69678 93513 76117 4860 62022 81627 86337 38937 17448 28265 99426 80340 61740 96326 8819 84355 10430 75267 3345 91193 32588 10982 29861 80195 70181 13040 11597 24672 1347 24443 69044 70418 96999 18604 54601 8482 19274 98330 2023 4863 7480 44586 78516 43133 91476 36058 36429 33289 57457 82605 42247 11248 63367 96657 88638 
861 112
94656 56830 12999 77091 69364 92297 15899 49027 85255 11633 54045 99874 29901 37454 43124 33467 44333 68001 20136 22347 63122 68598 31725 4965 20104 37599 14253 26954 82835 3939 81346 3762 76856 42844 65172 26037 24948 88990 86888 63935 20530 22282 907 37902 78449 9267 30006 99114 32110 46104 9160 29512 51887 22625 61597 25710 53167 46552 80329 97088 80991 18772 47484 5336 93376 49558 67537 56127 61630 83899 86975 50514 3009 4219 21600 37088 37936 49476 14074 49152 14374 69750 17263 25048 29343 15195 18355 25079 89065 89218 26235 19217 77359 95452 55368 33473 64160 66264 2678 54751 10617 14305 39156 9894 49609 60961 42340 65934 96055 23061 40130 57061 
633 108
11187 58772 44679 64010 56724 53941 12177 53021 20508 32252 30829 80446 4988 66705 65239 80315 35090 74412 77903 98778 55606 58298 76295 40004 89748 40760 63279 56593 70086 63533 2937 32574 64433 92039 94799 65416 40669 90143 28841 88267 26810 23957 3433 1375 32766 99871 32240 32879 30442 30278 84095 62310 46341 99890 76290 76316 9752 86461 67415 91467 76226 56100 78064 33612 13196 96072 62689 29218 8757 23773 12069 60536 36369 10876 21871 69907 60344 64069 89576 88331 70142 68940 94115 77741 61146 95100 5579 85861 18183 8370 22322 92782 72246 7662 22416 91669 69399 88514 96600 79984 6526 97642 85175 56348 7058 84010 38652 60268 
766 94
20730 41945 13423 91152 82842 59852 16647 36565 13161 10455 94891 29296 13275 47594 82935 76055 72437 42794 80174 85942 67884 39452 41210 91210 68029 97422 80999 32877 79512 48697 49625 93740 26969 41987 27604 9565 47890 1328 39323 51723 16532 28107 83482 94727 27297 67173 87947 30976 31124 32596 92112 86128 42392 45623 1451 24788 77291 88128 79661 27031 61699 27496 11504 17996 4500 79972 44140 35111 96228 112 2043 61054 79952 49083 66494 98970 67325 56756 86819 7518 43813 13442 42517 81828 38663 11403 97029 95125 79310 45221 13700 16429 74290 99662 
101 84
21589 69158 73877 71817 28235 26312 28101 93318 42981 98156 28373 54484 98212 9809 20555 75919 14212 74408 32732 14595 62630 79531 48168 96379 16569 564 63995 77748 67242 39321 73311 18956 30902 86010 25734 25423 71706 83252 51390 75936 62262 60333 24863 48820 91417 68542 96914 55216 1477 7685 91336 69142 8594 98777 42605 10082 9192 7700 75728 8988 22997 58135 40754 51709 69920 45058 24812 35967 22440 85953 99385 84570 12571 70659 51159 79300 11271 71147 48942 80668 43548 34761 93485 88130 
298 70
84578 50023 51566 21786 84440 47996 87866 61757 86350 76912 39007 87867 64935 33726 82255 47915 36339 46959 31001 82701 41800 47294 19651 22798 55497 27804 33419 8463 20059 42227 16141 88148 443 33317 76356 63988 30243 94754 62671 63628 66533 7191 33894 41520 24971 93165 49393 77958 16352 2963 79111 98772 50273 99838 65301 51476 28699 7997 28236 85507 58171 11957 52801 68520 83524 85742 27683 91153 71544 63130 
665 68
33269 3662 42416 89995 10158 34982 81833 14847 90287 20428 95458 67579 83818 95379 48198 89312 50732 90907 66290 41840 67552 87970 78831 9986 36623 88013 2172 67573 29525 74882 41607 67574 30870 62179 91980 70425 1531 78771 20201 53540 86102 1752 11887 93955 37569 17660 93379 86785 41422 27840 96691 84435 5866 59677 48725 78836 13840 49346 86399 97115 63936 25213 56230 10341 96213 38557 69211 65650 
606 64
27077 7537 8608 99359 94120 88843 72265 86446 70216 25881 74610 15336 26207 50203 11108 52308 70700 41043 32714 73411 66678 52399 59349 42411 42372 40716 51694 22592 31157 22669 92957 85302 7440 1069 48895 25715 41134 37031 35349 19074 28645 35260 87699 23767 61531 20463 13949 19047 65472 40005 17304 5840 65243 80087 35734 81584 78378 73314 97591 63156 47806 41047 17131 97602 
313 58
69420 55807 94988 6966 66752 52232 81419 71911 63606 66075 18210 50855 42769 80713 23165 50102 38479 20925 94458 33764 10383 60914 52613 54097 35493 74729 40248 19539 72158 90531 43367 18406 22645 11234 32347 59000 7790 54898 92425 16769 19626 8031 33411 19211 66513 84637 87825 97976 98187 2847 21123 37366 55387 65804 31996 87287 15919 75961 
717 56
27332 38973 27711 99601 71265 13360 46487 55590 1075 45425 42641 63435 26104 6533 78188 54691 75021 63154 42865 42338 9626 58159 91295 53145 27553 98568 94229 70119 84316 92215 33564 11327 44707 61874 61590 3037 53801 59278 26019 35393 71294 46044 39396 4569 5226 15517 96547 71889 44858 34086 6322 21246 15383 65985 96998 43891 
483 50
28567 3945 86784 27717 98545 6392 80219 25279 45423 97986 17105 96659 76800 31381 96115 63945 39004 60863 76549 43681 49549 19343 73678 91492 46500 51823 11434 9143 39464 40231 63391 12532 64409 76867 92787 31841 48632 43461 96875 29818 44833 88887 60731 41672 35270 42970 84521 12606 69245 74932 
828 46
40220 77811 35187 98363 48567 48977 45118 18920 86521 6090 31980 30097 2586 47972 90292 31144 3309 54016 36675 91746 6579 6595 40398 75194 38134 52750 76655 61931 28182 20249 41857 1460 90774 50084 51167 13178 94974 59966 43392 62920 97198 37036 11856 81039 77720 78496 
700 42
37253 96361 64661 6100 22813 80385 41526 1399 9447 27095 80962 53586 70166 49386 74842 68479 75284 36532 10477 79396 90624 96246 35499 70945 63293 10787 55850 21133 90023 19401 89291 87354 87319 81352 87490 26542 3796 86901 87582 84636 946 42293 
603 34
65869 29599 59150 11613 57301 2798 46418 84529 89713 83159 18386 71375 91341 95917 98439 85637 43115 46545 25034 61389 52303 29788 1524 77684 18400 87971 53447 777 3032 42291 26510 70830 17083 42378 
821 28
53614 72762 45863 24606 65784 33045 5072 60003 30182 78983 27255 2225 37151 55036 73579 83123 31727 8592 71242 59257 43076 15802 14181 28793 23065 76712 61072 31114 
662 16
95408 83340 59431 29330 84405 85143 35036 34854 50867 87849 87323 55538 44118 83171 24451 53846 
923 2
85922 68692 
